distance of Fuchs:
 [0, 0, 2, 0, 1, 0, 0, 4, 2, 0, 0, 0, 4, 0, 3, 0, 0, 0, 4, 4, 0, 0, 0, 3, 3, 0, 0, 0, 0, 4, 0, 0, 0, 0, 0, 0, 0, 0, 3, 3, 5, 4, 0, 0, 0, 0, 0, 3, 0, 0, 0, 5, 0, 0, 4, 4, 0, 5, 0, 0, 3] 
distance of sTarfi$h:
 [7, 7, 5, 6, 7, 5, 6, 8, 7, 6, 7, 6, 8, 7, 7, 4, 7, 6, 7, 7, 4, 5, 8, 8, 6, 6, 6, 7, 8, 6, 7, 5, 5, 8, 5, 7, 7, 8, 4, 7, 7, 9, 7, 7, 5, 8, 8, 4, 7, 5, 6, 6, 8, 7, 7, 8, 6, 8, 7, 6, 8]

distance of Erbse:
 [0, 0, 0, 0, 0, 0, 0, 0, 0, 0, 0, 0, 0, 0, 0, 0, 0, 0, 0, 0, 0, 0, 0, 0, 0, 0, 0, 0, 4, 0, 0, 0, 0, 0, 2, 0, 0, 0, 0, 0, 2, 0, 0, 0, 0, 0, 0, 0, 0, 0, 0, 0, 2, 0, 0, 0, 0, 0, 0, 0] 
distance of U+a+ki=$3c5#V:
 [1, 5, 4, 9, 2, 7, 4, 7, 1, 1, 2, 6, 2, 5, 8, 2, 13, 4, 4, 9, 6, 0, 3, 13, 9, 12, 7, 5, 8, 8, 8, 9, 11, 6, 6, 3, 1, 4, 7, 2, 5, 13, 2, 3, 7, 12, 3, 9, 5, 13, 7, 12, 0, 7, 6, 4, 8, 7, 6, 4, 5]

distance of Kiste:
 [4, 4, 4, 0, 5, 0, 3, 3, 4, 4, 3, 4, 3, 4, 4, 4, 3, 3, 4, 0, 4, 2, 4, 4, 5, 4, 5, 0, 4, 2, 3, 3, 3, 3, 3, 4, 0, 5, 3, 3, 3, 0, 4, 3, 0, 4, 3, 3, 0, 2, 4, 16] 
distance of h1=+5*K¡¯A!#gl:
 [10, 10, 11, 13, 13, 12, 12, 13, 11, 11, 13, 12, 14, 13, 12, 13, 11, 13, 11, 13, 12, 11, 14, 12, 12, 14, 10, 12, 9, 12, 11, 10, 12, 11, 9, 12, 12, 13, 13, 13, 13, 12, 13, 12, 13, 12, 12, 12, 12, 11, 12, 13, 12, 13, 13, 13, 13]

distance of Essig:
 [0, 0, 0, 0, 2, 0, 0, 0, 0, 0, 0, 0, 0, 0, 3, 0, 0, 0, 1, 0, 0, 0, 4, 0, 2, 2, 0, 3, 4, 0, 0, 0, 0, 0, 0, 0, 0, 0, 0, 1, 5, 4, 0, 4, 0, 3, 0, 3, 0, 0, 0, 2, 0, 4, 0, 0, 0, 0, 4, 0, 0, 0, 3] 
distance of q,Hat]Tq9iC19b:
 [11, 12, 11, 13, 13, 12, 13, 11, 12, 13, 13, 14, 13, 12, 12, 9, 12, 12, 12, 14, 12, 11, 13, 10, 12, 12, 12, 12, 14, 11, 11, 13, 9, 11, 12, 12, 12, 14, 11, 11, 13, 12, 14, 11, 13, 14, 13, 13, 13, 14, 13, 11, 14, 10, 10, 11, 13, 14, 13, 12, 14, 12, 12, 11, 12, 13, 13, 12, 12, 13, 14]

distance of Gabel:
 [0, 0, 6, 0, 0, 3, 0, 5, 0, 5, 5, 4, 0, 0, 0, 0, 3, 0, 4, 5, 5, 0, 4, 0, 5, 4, 0, 6, 0, 4, 2, 5, 5, 5, 5, 0, 0, 3, 0, 5, 5, 4, 0, 0, 3, 5, 0, 5, 4, 5, 14, 0, 5, 0, 3, 5] 
distance of mBy#9UV6Mah¡®¡®}:
 [13, 15, 42, 14, 13, 13, 15, 12, 15, 24, 11, 16, 15, 13, 16, 14, 15, 15, 15, 14, 14, 10, 16, 15, 15, 15, 13, 16, 16, 16, 15, 13, 14, 14, 15, 12, 16, 13, 14, 32, 15, 15, 12, 14, 12, 16, 15, 16, 14, 16, 14, 14, 14, 13, 16, 15, 11, 16]

distance of Eimer:
 [0, 0, 0, 0, 0, 0, 0, 0, 0, 0, 0, 3, 0, 4, 0, 0, 0, 0, 0, 0, 0, 4, 0, 2, 0, 0, 0, 2, 0, 3, 0, 0, 4, 0, 0, 4, 4, 0, 0, 0, 4, 5, 0, 0, 0, 0, 0] 
distance of SzH(N¡°w1c*T`_:
 [10, 9, 11, 9, 10, 11, 9, 11, 12, 12, 12, 12, 9, 13, 12, 9, 8, 6, 10, 12, 9, 12, 14, 11, 12, 13, 11, 12, 9, 10, 10, 10, 12, 10, 12, 10, 14, 14, 13, 11, 12, 11, 11, 12, 14, 11, 8, 12, 12, 10, 11, 15, 11, 12, 11, 14, 10, 10, 13, 11, 10, 14, 9, 10, 13, 14, 14, 10, 10, 14]

distance of Jacke:
 [3, 0, 3, 3, 1, 0, 3, 3, 3, 0, 5, 5, 0, 0, 0, 3, 0, 5, 4, 0, 0, 5, 4, 4, 4, 3, 0, 0, 3, 3, 0, 2, 0, 0, 4, 1, 3, 1, 0, 4, 0, 5, 5, 2, 4, 0, 0, 3, 12, 0, 0, 7, 0, 0, 7, 8, 4, 19] 
distance of xjzabc123:
 [9, 9, 3, 6, 9, 6, 4, 5, 8, 8, 9, 21, 4, 9, 3, 2, 9, 8, 9, 6, 4, 6, 8, 6, 8, 9, 6, 6, 9, 6, 7, 7, 9, 9, 9, 8, 9, 8, 9, 6, 9, 9, 8, 6, 9, 6, 9, 6, 15, 8, 9, 8, 8, 16, 9, 5, 11, 9, 9]

distance of Locke:
 [3, 0, 4, 2, 2, 4, 5, 2, 2, 0, 3, 4, 6, 4, 3, 4, 3, 2, 3, 2, 3, 4, 3, 5, 4, 4, 2, 3, 4, 3, 3, 4, 3, 5, 5, 4, 3, 5, 5, 3, 0, 3, 4, 3, 5, 5, 12, 2, 0, 5, 3, 3, 5, 3, 3] 
distance of T:1SlB+sw6W]B:
 [11, 13, 10, 13, 11, 11, 11, 10, 8, 11, 10, 9, 11, 9, 12, 13, 11, 11, 11, 12, 12, 13, 10, 10, 12, 12, 12, 12, 13, 11, 12, 12, 12, 11, 12, 12, 12, 11, 11, 10, 12, 12, 13, 11, 16, 12, 11, 13, 11, 12, 11, 12, 12, 12, 12, 9, 12]